50301
50302
50304
50305
50306
51084
51085
51086
51087
51088
51090
51091
51092
1
10
100
101
102
103
104
105
106
107
108
109
11
110
113
114
118
119
12
120
121
122
123
124
125
126
127
128
13
131
132
134
135
136
138
139
14
140
141
142
144
145
146
148
149
15
150
151
152
153
154
155
156
157
158
159
16
160
161
162
163
164
165
166
167
169
17
170
171
172
174
175
177
178
179
18
181
182
183
186
187
188
189
19
191
192
194
195
196
197
198
199
2
20
200
202
203
205
206
207
208
209
21
210
211
213
214
215
216
217
218
219
22
220
221
222
223
224
225
226
227
228
23
232
233
234
235
236
237
24
240
242
243
245
247
248
249
25
250
251
253
255
256
257
258
259
26
260
261
262
264
265
266
267
269
27
270
273
274
275
276
28
280
281
282
285
286
287
288
289
29
290
291
292
293
295
296
297
298
299
30
301
302
304
305
306
307
308
309
31
310
311
312
313
315
316
317
318
319
32
320
321
322
323
324
325
326
327
328
329
33
331
332
334
335
336
337
338
340
341
342
343
344
345
347
348
349
35
350
351
352
355
356
358
359
36
362
364
365
366
367
368
369
37
370
371
372
374
378
379
38
380
381
382
383
384
385
387
388
389
390
391
392
393
394
395
397
398
399
4
400
401
402
403
404
405
406
408
409
41
411
412
413
414
415
416
417
418
42
420
421
422
423
425
426
427
43
430
431
432
434
435
437
439
44
440
441
442
443
444
445
446
448
449
45
450
452
454
455
456
457
458
459
46
460
461
462
463
464
465
467
468
469
47
470
471
472
473
476
477
481
484
485
486
487
488
489
490
492
494
495
496
497
499
5
50
501
503
504
505
506
507
508
509
51
510
511
512
514
516
53
55
56
57
58
59
6
60
61
62
63
64
66
67
68
69
7
70
71
72
73
75
76
78
79
8
80
81
82
9
93
94
95
96
98
99
19500
